* /home/saurabh/pilot_related/new_installer/esim-1.1.2/examples/7805voltageregulator/7805voltageregulator.cir
Transient Analysis  Thu Aug 26 10:31:48  2021
--------------------------------------------------------------------------------
Index   time            alli            
--------------------------------------------------------------------------------
0	0.000000e+000	0.000000e+000	
1	1.000000e-005	-1.77167e-008	
2	1.006128e-005	-1.77557e-008	
3	1.018383e-005	-1.78307e-008	
4	1.042893e-005	-1.79824e-008	
5	1.091913e-005	-1.82930e-008	
6	1.189954e-005	-1.89443e-008	
7	1.386035e-005	-2.03854e-008	
8	1.778197e-005	-2.39752e-008	
9	2.146105e-005	-2.85202e-008	
10	2.629945e-005	-3.70508e-008	
11	3.086205e-005	-4.90328e-008	
12	3.628865e-005	-7.09850e-008	
13	4.153681e-005	-1.04642e-007	
14	4.736080e-005	-1.65106e-007	
15	5.305268e-005	-2.62436e-007	
16	5.909680e-005	-4.34626e-007	
17	6.503940e-005	-7.19311e-007	
18	7.118654e-005	-1.21729e-006	
19	7.725877e-005	-2.05291e-006	
20	8.344741e-005	-3.50325e-006	
21	8.958373e-005	-5.95742e-006	
22	9.578638e-005	-1.01951e-005	
23	1.019543e-004	-1.74002e-005	
24	1.081607e-004	-2.98001e-005	
25	1.143452e-004	-5.09398e-005	
26	1.205530e-004	-8.72404e-005	
27	1.267485e-004	-1.49209e-004	
28	1.329603e-004	-2.55424e-004	
29	1.391685e-004	-4.36740e-004	
30	1.453935e-004	-7.46757e-004	
31	1.516282e-004	-1.27477e-003	
32	1.578932e-004	-2.17279e-003	
33	1.641982e-004	-3.69063e-003	
34	1.705796e-004	-6.23821e-003	
35	1.770833e-004	-1.04592e-002	
36	1.837977e-004	-1.73362e-002	
37	1.908594e-004	-2.82890e-002	
38	1.984973e-004	-4.53708e-002	
39	2.070489e-004	-7.12659e-002	
40	2.166399e-004	-1.08143e-001	
41	2.285388e-004	-1.63051e-001	
42	2.432229e-004	-2.40527e-001	
43	2.625370e-004	-3.52294e-001	
44	2.877019e-004	-5.06536e-001	
45	3.213263e-004	-7.17627e-001	
46	3.655292e-004	-9.96096e-001	
47	4.237689e-004	-1.35441e+000	
48	4.999213e-004	-1.80034e+000	
49	5.607400e-004	-2.13447e+000	
50	5.932529e-004	-2.30511e+000	
51	6.093700e-004	-2.38764e+000	
52	6.221360e-004	-2.45205e+000	
53	6.340879e-004	-2.51159e+000	
54	6.500498e-004	-2.58995e+000	

Index   time            alli            
--------------------------------------------------------------------------------
55	6.652637e-004	-2.66343e+000	
56	6.819297e-004	-2.74257e+000	
57	7.108677e-004	-2.87668e+000	
58	7.596242e-004	-3.09330e+000	
59	8.214003e-004	-3.35141e+000	
60	9.166740e-004	-3.71537e+000	
61	9.919879e-004	-3.97515e+000	
62	1.051654e-003	-4.16445e+000	
63	1.078484e-003	-4.24500e+000	
64	1.095481e-003	-4.29461e+000	
65	1.106565e-003	-4.32637e+000	
66	1.114530e-003	-4.34891e+000	
67	1.122482e-003	-4.37118e+000	
68	1.132560e-003	-4.39907e+000	
69	1.143836e-003	-4.42985e+000	
70	1.154146e-003	-4.45758e+000	
71	1.164229e-003	-4.48433e+000	
72	1.176694e-003	-4.51690e+000	
73	1.189627e-003	-4.55012e+000	
74	1.201461e-003	-4.58000e+000	
75	1.214073e-003	-4.61131e+000	
76	1.228499e-003	-4.64647e+000	
77	1.242522e-003	-4.67996e+000	
78	1.259878e-003	-4.72051e+000	
79	1.280257e-003	-4.76685e+000	
80	1.300865e-003	-4.81234e+000	
81	1.321793e-003	-4.85716e+000	
82	1.350508e-003	-4.91641e+000	
83	1.379329e-003	-4.97334e+000	
84	1.415595e-003	-5.04145e+000	
85	1.452391e-003	-5.10663e+000	
86	1.489069e-003	-5.16780e+000	
87	1.505977e-003	-5.19474e+000	
88	1.517477e-003	-5.21262e+000	
89	1.524504e-003	-5.22338e+000	
90	1.528998e-003	-5.23018e+000	
91	1.531821e-003	-5.23443e+000	
92	1.533616e-003	-5.23713e+000	
93	1.535072e-003	-5.23930e+000	
94	1.536435e-003	-5.24134e+000	
95	1.537914e-003	-5.24354e+000	
96	1.539276e-003	-5.24557e+000	
97	1.540770e-003	-5.24780e+000	
98	1.542526e-003	-5.25042e+000	
99	1.545174e-003	-5.25439e+000	
100	1.548028e-003	-5.25871e+000	
101	1.550631e-003	-5.26269e+000	
102	1.555839e-003	-5.27077e+000	
103	1.560937e-003	-5.27888e+000	
104	1.566672e-003	-5.28829e+000	
105	1.571662e-003	-5.29677e+000	
106	1.575676e-003	-5.30379e+000	
107	1.577215e-003	-5.30653e+000	
108	1.577901e-003	-5.30774e+000	
109	1.578364e-003	-5.30855e+000	
110	1.578798e-003	-5.30931e+000	
111	1.579304e-003	-5.31016e+000	
112	1.579942e-003	-5.31122e+000	

Index   time            alli            
--------------------------------------------------------------------------------
113	1.580888e-003	-5.31275e+000	
114	1.582041e-003	-5.31455e+000	
115	1.583276e-003	-5.31643e+000	
116	1.584408e-003	-5.31812e+000	
117	1.585751e-003	-5.32010e+000	
118	1.587387e-003	-5.32249e+000	
119	1.589303e-003	-5.32525e+000	
120	1.590320e-003	-5.32671e+000	
121	1.591046e-003	-5.32775e+000	
122	1.591659e-003	-5.32863e+000	
123	1.592224e-003	-5.32943e+000	
124	1.592782e-003	-5.33022e+000	
125	1.593366e-003	-5.33105e+000	
126	1.594090e-003	-5.33207e+000	
127	1.594881e-003	-5.33319e+000	
128	1.595817e-003	-5.33449e+000	
129	1.596194e-003	-5.33501e+000	
130	1.596499e-003	-5.33544e+000	
131	1.596818e-003	-5.33589e+000	
132	1.597030e-003	-5.33619e+000	
133	1.597316e-003	-5.33661e+000	
134	1.597680e-003	-5.33714e+000	
135	1.598064e-003	-5.33770e+000	
136	1.598598e-003	-5.33848e+000	
137	1.599133e-003	-5.33927e+000	
138	1.599759e-003	-5.34018e+000	
139	1.600113e-003	-5.34069e+000	
140	1.600643e-003	-5.34145e+000	
141	1.601147e-003	-5.34216e+000	
142	1.601739e-003	-5.34299e+000	
143	1.602468e-003	-5.34400e+000	
144	1.603313e-003	-5.34515e+000	
145	1.604296e-003	-5.34649e+000	
146	1.605575e-003	-5.34821e+000	
147	1.606908e-003	-5.34999e+000	
148	1.608511e-003	-5.35212e+000	
149	1.609985e-003	-5.35406e+000	
150	1.611533e-003	-5.35609e+000	
151	1.613009e-003	-5.35802e+000	
152	1.614406e-003	-5.35984e+000	
153	1.616131e-003	-5.36207e+000	
154	1.618620e-003	-5.36529e+000	
155	1.622574e-003	-5.37035e+000	
156	1.627203e-003	-5.37623e+000	
157	1.634461e-003	-5.38534e+000	
158	1.642555e-003	-5.39534e+000	
159	1.655410e-003	-5.41089e+000	
160	1.671476e-003	-5.42977e+000	
161	1.690985e-003	-5.45185e+000	
162	1.711260e-003	-5.47384e+000	
163	1.732448e-003	-5.49580e+000	
164	1.753703e-003	-5.51679e+000	
165	1.781657e-003	-5.54285e+000	
166	1.821918e-003	-5.57734e+000	
167	1.839276e-003	-5.59113e+000	
168	1.856378e-003	-5.60408e+000	
169	1.867151e-003	-5.61193e+000	
170	1.877919e-003	-5.61953e+000	

Index   time            alli            
--------------------------------------------------------------------------------
171	1.899454e-003	-5.63401e+000	
172	1.914112e-003	-5.64333e+000	
173	1.921975e-003	-5.64815e+000	
174	1.927394e-003	-5.65140e+000	
175	1.930828e-003	-5.65342e+000	
176	1.933380e-003	-5.65491e+000	
177	1.935938e-003	-5.65638e+000	
178	1.937928e-003	-5.65751e+000	
179	1.939259e-003	-5.65825e+000	
180	1.940951e-003	-5.65919e+000	
181	1.943047e-003	-5.66034e+000	
182	1.944700e-003	-5.66124e+000	
183	1.946308e-003	-5.66211e+000	
184	1.948062e-003	-5.66305e+000	
185	1.949692e-003	-5.66392e+000	
186	1.951321e-003	-5.66479e+000	
187	1.952995e-003	-5.66567e+000	
188	1.954772e-003	-5.66660e+000	
189	1.956735e-003	-5.66762e+000	
190	1.958968e-003	-5.66878e+000	
191	1.961780e-003	-5.67021e+000	
192	1.965163e-003	-5.67192e+000	
193	1.969829e-003	-5.67425e+000	
194	1.974166e-003	-5.67638e+000	
195	1.976675e-003	-5.67760e+000	
196	1.979069e-003	-5.67875e+000	
197	1.981871e-003	-5.68009e+000	
198	1.984305e-003	-5.68124e+000	
199	1.986658e-003	-5.68233e+000	
200	1.989242e-003	-5.68352e+000	
201	1.993033e-003	-5.68524e+000	
202	1.997061e-003	-5.68703e+000	
203	2.002175e-003	-5.68926e+000	
204	2.011059e-003	-5.69303e+000	
205	2.020229e-003	-5.69677e+000	
206	2.023594e-003	-5.69811e+000	
207	2.027568e-003	-5.69966e+000	
208	2.031408e-003	-5.70113e+000	
209	2.034884e-003	-5.70243e+000	
210	2.038330e-003	-5.70370e+000	
211	2.045184e-003	-5.70616e+000	
212	2.054225e-003	-5.70927e+000	
213	2.060824e-003	-5.71145e+000	
214	2.064489e-003	-5.71263e+000	
215	2.068803e-003	-5.71398e+000	
216	2.074364e-003	-5.71568e+000	
217	2.078667e-003	-5.71696e+000	
218	2.082878e-003	-5.71817e+000	
219	2.089782e-003	-5.72009e+000	
220	2.097069e-003	-5.72202e+000	
221	2.105938e-003	-5.72425e+000	
222	2.111784e-003	-5.72565e+000	
223	2.117369e-003	-5.72693e+000	
224	2.124267e-003	-5.72843e+000	
225	2.131265e-003	-5.72987e+000	
226	2.138217e-003	-5.73122e+000	
227	2.152120e-003	-5.73366e+000	
228	2.162178e-003	-5.73522e+000	

Index   time            alli            
--------------------------------------------------------------------------------
229	2.171944e-003	-5.73658e+000	
230	2.181947e-003	-5.73780e+000	
231	2.191836e-003	-5.73884e+000	
232	2.207034e-003	-5.74012e+000	
233	2.222366e-003	-5.74104e+000	
234	2.238827e-003	-5.74159e+000	
235	2.258070e-003	-5.74168e+000	
236	2.286316e-003	-5.74077e+000	
237	2.313757e-003	-5.73869e+000	
238	2.368638e-003	-5.73110e+000	
239	2.430616e-003	-5.71722e+000	
240	2.511575e-003	-5.69093e+000	
241	2.635291e-003	-5.63397e+000	
242	2.682681e-003	-5.60695e+000	
243	2.728892e-003	-5.57799e+000	
244	2.776045e-003	-5.54585e+000	
245	2.820943e-003	-5.51288e+000	
246	2.910739e-003	-5.44035e+000	
247	3.022125e-003	-5.33865e+000	
248	3.244897e-003	-5.09988e+000	
249	3.632567e-003	-4.58659e+000	
250	4.407907e-003	-3.27753e+000	
251	5.323868e-003	-1.41186e+000	
252	5.660082e-003	-6.97331e-001	
253	5.868093e-003	-2.82841e-001	
254	5.975167e-003	-1.07959e-001	
255	6.031496e-003	-4.51722e-002	
256	6.068702e-003	-2.05802e-002	
257	6.111418e-003	-6.87513e-003	
258	6.123609e-003	-4.88406e-003	
259	6.137413e-003	-3.28179e-003	
260	6.152082e-003	-2.12564e-003	
261	6.167867e-003	-1.31860e-003	
262	6.182170e-003	-8.47742e-004	
263	6.196685e-003	-5.38380e-004	
264	6.214082e-003	-3.09038e-004	
265	6.233856e-003	-1.63385e-004	
266	6.258623e-003	-7.18262e-005	
267	6.289817e-003	-2.54747e-005	
268	6.333424e-003	-5.28611e-006	
269	6.399881e-003	-7.77003e-007	
270	6.520336e-003	2.724163e-007	
271	6.761247e-003	-2.67716e-007	
272	7.243069e-003	2.784453e-007	
273	8.206712e-003	-2.65617e-007	
274	1.013400e-002	2.809050e-007	
275	1.147697e-002	-2.65489e-007	
276	1.256033e-002	2.789413e-007	
277	1.315236e-002	-2.67702e-007	
278	1.348271e-002	2.912235e-007	
279	1.367689e-002	2.000064e-005	
280	1.374745e-002	2.276692e-004	
281	1.378276e-002	7.240085e-004	
282	1.380353e-002	1.404496e-003	
283	1.382239e-002	2.523908e-003	
284	1.384257e-002	4.630083e-003	
285	1.386180e-002	8.045349e-003	
286	1.388267e-002	1.410775e-002	

Index   time            alli            
--------------------------------------------------------------------------------
287	1.390553e-002	2.466474e-002	
288	1.393332e-002	4.416132e-002	
289	1.397376e-002	8.527381e-002	
290	1.402168e-002	1.475488e-001	
291	1.407672e-002	2.265978e-001	
292	1.413824e-002	3.147534e-001	
293	1.422473e-002	4.282370e-001	
294	1.434855e-002	5.591695e-001	
295	1.454205e-002	6.827623e-001	
296	1.484640e-002	6.953905e-001	
297	1.511699e-002	5.539224e-001	
298	1.534111e-002	3.603353e-001	
299	1.549725e-002	2.048089e-001	
300	1.558794e-002	1.184752e-001	
301	1.565073e-002	6.779405e-002	
302	1.569983e-002	3.757470e-002	
303	1.575414e-002	1.617246e-002	
304	1.579797e-002	7.125303e-003	
305	1.581674e-002	4.855287e-003	
306	1.583640e-002	3.197073e-003	
307	1.585648e-002	2.051189e-003	
308	1.587600e-002	1.314504e-003	
309	1.589673e-002	8.073586e-004	
310	1.591605e-002	5.073628e-004	
311	1.593564e-002	3.125123e-004	
312	1.595550e-002	1.898243e-004	
313	1.597626e-002	1.107252e-004	
314	1.599826e-002	6.245751e-005	
315	1.602220e-002	3.232206e-005	
316	1.604887e-002	1.589583e-005	
317	1.607942e-002	6.277362e-006	
318	1.611547e-002	2.571680e-006	
319	1.615955e-002	3.154518e-007	
320	1.622421e-002	3.592762e-007	
321	1.633642e-002	-2.87485e-007	
322	1.656084e-002	2.807302e-007	
323	1.700968e-002	-2.90465e-007	
324	1.790736e-002	2.785200e-007	
325	1.962294e-002	-2.93250e-007	
326	2.149441e-002	2.778218e-007	
327	2.346793e-002	-2.89874e-007	
328	2.401937e-002	-2.73104e-004	
329	2.429342e-002	-6.43276e-002	
330	2.440912e-002	-1.56621e-001	
331	2.450025e-002	-2.28044e-001	
332	2.459834e-002	-2.90229e-001	
333	2.471867e-002	-3.39580e-001	
334	2.494234e-002	-3.51923e-001	
335	2.513710e-002	-2.87789e-001	
336	2.527978e-002	-2.07937e-001	
337	2.538932e-002	-1.36615e-001	
338	2.547262e-002	-8.36247e-002	
339	2.553347e-002	-5.03832e-002	
340	2.559224e-002	-2.62584e-002	
341	2.565651e-002	-1.04648e-002	
342	2.570965e-002	-4.20625e-003	
343	2.574108e-002	-2.32404e-003	
344	2.577366e-002	-1.21206e-003	

Index   time            alli            
--------------------------------------------------------------------------------
345	2.580821e-002	-5.85160e-004	
346	2.584707e-002	-2.48690e-004	
347	2.589615e-002	-7.85128e-005	
348	2.596119e-002	-1.63066e-005	
349	2.605904e-002	-5.42238e-007	
350	2.623251e-002	-5.81304e-007	
351	2.657944e-002	5.837620e-007	
352	2.727331e-002	-5.73579e-007	
353	2.866106e-002	5.868037e-007	
354	3.066106e-002	-5.71313e-007	
355	3.266106e-002	5.852095e-007	
356	3.343662e-002	-5.74900e-007	
357	3.392540e-002	2.536973e-006	
358	3.411910e-002	3.212106e-004	
359	3.419191e-002	1.677667e-003	
360	3.423004e-002	3.708180e-003	
361	3.426203e-002	6.886931e-003	
362	3.429569e-002	1.249097e-002	
363	3.433180e-002	2.196530e-002	
364	3.437835e-002	4.015166e-002	
365	3.446046e-002	8.511576e-002	
366	3.453939e-002	1.336526e-001	
367	3.461188e-002	1.746932e-001	
368	3.470746e-002	2.171202e-001	
369	3.483735e-002	2.481922e-001	
370	3.503130e-002	2.369147e-001	
371	3.516813e-002	1.925714e-001	
372	3.527978e-002	1.407210e-001	
373	3.536961e-002	9.450076e-002	
374	3.543987e-002	6.017503e-002	
375	3.549891e-002	3.600677e-002	
376	3.555617e-002	1.891354e-002	
377	3.562074e-002	7.625887e-003	
378	3.565004e-002	4.759069e-003	
379	3.567471e-002	3.119231e-003	
380	3.569972e-002	1.987592e-003	
381	3.572417e-002	1.255572e-003	
382	3.574805e-002	7.859630e-004	
383	3.577319e-002	4.728768e-004	
384	3.579695e-002	2.862190e-004	
385	3.582124e-002	1.701500e-004	
386	3.584622e-002	9.644815e-005	
387	3.587277e-002	5.331101e-005	
388	3.590152e-002	2.599440e-005	
389	3.593433e-002	1.250854e-005	
390	3.597739e-002	3.335621e-006	
391	3.603575e-002	1.442886e-006	
392	3.612441e-002	-5.59902e-007	
393	3.628269e-002	6.173909e-007	
394	3.659925e-002	-6.25340e-007	
395	3.723237e-002	6.152209e-007	
396	3.849862e-002	-6.28190e-007	
397	4.049862e-002	6.127951e-007	
398	4.249862e-002	-6.27004e-007	
399	4.401318e-002	-7.92780e-006	
400	4.601318e-002	-6.04621e-006	
401	4.801318e-002	6.277828e-007	
402	5.001318e-002	-6.12803e-007	

Index   time            alli            
--------------------------------------------------------------------------------
403	5.201318e-002	6.277820e-007	
404	5.401318e-002	2.968960e-005	
405	5.601318e-002	1.986429e-005	
406	5.783419e-002	-6.27643e-007	
407	5.983419e-002	6.126567e-007	
408	6.183419e-002	-6.27852e-007	
409	6.383419e-002	9.674700e-009	
410	6.583419e-002	-5.07787e-003	
411	6.783419e-002	6.585473e-007	
412	6.983419e-002	-6.43753e-007	
413	7.183419e-002	6.589698e-007	
414	7.383419e-002	1.268800e-006	
415	7.437668e-002	1.374317e-001	
416	7.490880e-002	3.782834e-001	
417	7.506719e-002	3.363821e-001	
418	7.523616e-002	2.498255e-001	
419	7.538317e-002	1.523803e-001	
420	7.549205e-002	8.040819e-002	
421	7.556101e-002	4.327922e-002	
422	7.563233e-002	1.776623e-002	
423	7.570268e-002	5.682916e-003	
424	7.575827e-002	1.984658e-003	
425	7.581368e-002	6.242667e-004	
426	7.586425e-002	2.023520e-004	
427	7.593198e-002	3.862546e-005	
428	7.603569e-002	3.551263e-006	
429	7.622540e-002	-9.54527e-007	
430	7.660482e-002	9.549689e-007	
431	7.736366e-002	-9.65361e-007	
432	7.888134e-002	9.517841e-007	
433	8.088134e-002	-9.67346e-007	
434	8.288134e-002	9.540552e-007	
435	8.367917e-002	-9.64260e-007	
436	8.426440e-002	-8.34061e-003	
437	8.440661e-002	-5.93591e-002	
438	8.454492e-002	-1.44559e-001	
439	8.462056e-002	-1.87103e-001	
440	8.471559e-002	-2.27887e-001	
441	8.484604e-002	-2.56521e-001	
442	8.506427e-002	-2.34989e-001	
443	8.520254e-002	-1.83094e-001	
444	8.530487e-002	-1.32353e-001	
445	8.538873e-002	-8.82859e-002	
446	8.545588e-002	-5.56670e-002	
447	8.551368e-002	-3.27072e-002	
448	8.557445e-002	-1.58806e-002	
449	8.563728e-002	-6.28671e-003	
450	8.567758e-002	-3.18140e-003	
451	8.570867e-002	-1.80881e-003	
452	8.574020e-002	-9.86141e-004	
453	8.577529e-002	-4.87182e-004	
454	8.581418e-002	-2.11442e-004	
455	8.586276e-002	-7.26832e-005	
456	8.592582e-002	-1.46361e-005	
457	8.601847e-002	-2.59435e-006	
458	8.617615e-002	1.161611e-006	
459	8.649151e-002	-1.16802e-006	
460	8.712222e-002	1.177751e-006	

Index   time            alli            
--------------------------------------------------------------------------------
461	8.838365e-002	-1.16506e-006	
462	9.038365e-002	1.180386e-006	
463	9.238365e-002	-1.16597e-006	
464	9.438365e-002	1.893403e-002	
465	9.638365e-002	-1.29197e-006	
466	9.838365e-002	1.280399e-006	
467	1.000000e-001	-1.29573e-006	
